{
 "cells": [
  {
   "cell_type": "code",
   "execution_count": 37,
   "metadata": {},
   "outputs": [],
   "source": [
    "# Importing os and setting the directory for files\n",
    "import os\n",
    "os.chdir(\"D:/Summer 20/DataScience/Assignments/Patents_xls\")"
   ]
  },
  {
   "cell_type": "code",
   "execution_count": 38,
   "metadata": {},
   "outputs": [],
   "source": [
    "# Importing pandas, numpy, glob\n",
    "import pandas as pd\n",
    "import numpy as np\n",
    "import glob as gb"
   ]
  },
  {
   "cell_type": "code",
   "execution_count": 39,
   "metadata": {
    "scrolled": true
   },
   "outputs": [
    {
     "name": "stderr",
     "output_type": "stream",
     "text": [
      "C:\\Users\\rikky\\anaconda3\\lib\\site-packages\\spacy\\util.py:271: UserWarning: [W031] Model 'en_core_web_sm' (2.2.0) requires spaCy v2.2 and is incompatible with the current spaCy version (2.3.0). This may lead to unexpected results or runtime errors. To resolve this, download a newer compatible model or retrain your custom model with the current spaCy version. For more details and available updates, run: python -m spacy validate\n",
      "  warnings.warn(warn_msg)\n",
      "[nltk_data] Downloading package punkt to\n",
      "[nltk_data]     C:\\Users\\rikky\\AppData\\Roaming\\nltk_data...\n",
      "[nltk_data]   Package punkt is already up-to-date!\n"
     ]
    }
   ],
   "source": [
    "# Importing spacy, nltk\n",
    "import spacy\n",
    "import en_core_web_sm\n",
    "nlp = spacy.load('en_core_web_sm')\n",
    "import nltk\n",
    "nltk.download('punkt')\n",
    "from nltk.tokenize import word_tokenize"
   ]
  },
  {
   "cell_type": "code",
   "execution_count": 40,
   "metadata": {},
   "outputs": [
    {
     "data": {
      "text/plain": [
       "['Apple.xlsx',\n",
       " 'Google.xlsx',\n",
       " 'HTC.xlsx',\n",
       " 'Huawei.xlsx',\n",
       " 'InterDigital.xlsx',\n",
       " 'Kodak.xlsx',\n",
       " 'LG.xlsx',\n",
       " 'Nokia.xlsx',\n",
       " 'Oracle.xlsx',\n",
       " 'Pantech.xlsx',\n",
       " 'Samsung.xlsx',\n",
       " 'Sony Ericsson.xlsx',\n",
       " 'ZTE.xlsx']"
      ]
     },
     "execution_count": 40,
     "metadata": {},
     "output_type": "execute_result"
    }
   ],
   "source": [
    "# Reading the datasets using glob.\n",
    "files = gb.glob(\"*.xlsx\")\n",
    "files"
   ]
  },
  {
   "cell_type": "code",
   "execution_count": 41,
   "metadata": {},
   "outputs": [],
   "source": [
    "# Method to normalize the string to lowercase\n",
    "def normalize(text):\n",
    "    return text.lower()"
   ]
  },
  {
   "cell_type": "code",
   "execution_count": 42,
   "metadata": {},
   "outputs": [],
   "source": [
    "# Method to remove punctions and numbers from the dataset\n",
    "import string\n",
    "def remove_punctuations_numbers(text):\n",
    "    exclude_list = string.digits + string.punctuation\n",
    "    #print(exclude_list)\n",
    "    t = text.maketrans(exclude_list, len(exclude_list) * \" \")\n",
    "    txt = text.translate(t)\n",
    "    return \"\".join(txt)\n",
    "#remove_punctuations_numbers(\"sf sg 34 56 22 #&@@#U@#^$)%%_+\")"
   ]
  },
  {
   "cell_type": "code",
   "execution_count": 43,
   "metadata": {},
   "outputs": [],
   "source": [
    "# Method to remove stopwords\n",
    "def remove_stopwords(text):\n",
    "    all_stopwords = spacy.lang.en.stop_words.STOP_WORDS\n",
    "    text_tokens = word_tokenize(text)\n",
    "    tokens_without_stopwords= [word for word in text_tokens if not word in all_stopwords]\n",
    "    return tokens_without_stopwords\n",
    "    \n",
    "#remove_stopwords(\"fg sg sdsf a devil\")"
   ]
  },
  {
   "cell_type": "code",
   "execution_count": 44,
   "metadata": {},
   "outputs": [
    {
     "name": "stderr",
     "output_type": "stream",
     "text": [
      "[nltk_data] Downloading package wordnet to\n",
      "[nltk_data]     C:\\Users\\rikky\\AppData\\Roaming\\nltk_data...\n",
      "[nltk_data]   Package wordnet is already up-to-date!\n"
     ]
    }
   ],
   "source": [
    "# Method to lemmatize the data\n",
    "import nltk\n",
    "nltk.download('wordnet')\n",
    "from nltk.stem import WordNetLemmatizer \n",
    "\n",
    "def lemmatization(text):\n",
    "    lemmatizer = WordNetLemmatizer() \n",
    "    lemma_list = []\n",
    "    for t in text:\n",
    "        lemma_list.append(lemmatizer.lemmatize(t))\n",
    "    return lemma_list\n",
    "\n",
    "#lemmatization([\" eating\", \"helping\", \"a\" ,\"days\" ,\"hello\"])\n",
    "    "
   ]
  },
  {
   "cell_type": "code",
   "execution_count": 45,
   "metadata": {},
   "outputs": [],
   "source": [
    "# Method to process text\n",
    "def text_preprocessing(text):\n",
    "    normalized_text = normalize(text)\n",
    "    text_wo_punc_num = remove_punctuations_numbers(normalized_text)\n",
    "    tokens_without_stopwords = remove_stopwords(text_wo_punc_num)\n",
    "    lemma_list = lemmatization(tokens_without_stopwords)\n",
    "    return \" \".join(lemma_list)\n",
    "\n",
    "#text_preprocessing(\"CDMA 2000 high-speed packet data network : on CDMA2000 high-rate packet data network. The group communication system based on CDMA2000 ,\")"
   ]
  },
  {
   "cell_type": "code",
   "execution_count": 46,
   "metadata": {},
   "outputs": [],
   "source": [
    "# Creating list of documents and company names\n",
    "docs = []\n",
    "companyNames = []"
   ]
  },
  {
   "cell_type": "code",
   "execution_count": 47,
   "metadata": {},
   "outputs": [],
   "source": [
    "# Code to read each file and preprocess text to create a cleaned corpus.\n",
    "for i in range(0, len(files)):\n",
    "    # Read each file and only TI and AB columns\n",
    "    df = pd.read_excel(files[i], usecols=[\"TI\",\"AB\"])\n",
    "    #print(df.shape)\n",
    "    \n",
    "    # Find the number of NaN in each column and remove them as it won't be of much help in our analysis\n",
    "    #print(df.isnull().sum(axis = 0))\n",
    "    df = df.dropna(subset=['TI'], how='all')\n",
    "    df = df.dropna(subset=['AB'], how='all')\n",
    "    \n",
    "    # Creating a list of titles and abstracts\n",
    "    titles = list(df['TI'])\n",
    "    abstracts = list(df['AB'])\n",
    "    # Create a list with string of each title and abstract seperated by :\n",
    "    all_text = []\n",
    "    for j in range(0,len(df)):\n",
    "        t = titles[j]\n",
    "        a = abstracts[j]\n",
    "        all_text.append(t +\" : \"+a)\n",
    "    # Creating final text string   \n",
    "    final_text = \" \".join(all_text)\n",
    "    # Applying text preprocessing on final_text\n",
    "    cleaned_corpus = text_preprocessing(final_text)\n",
    "    # Adding cleaned corpus into docs list\n",
    "    docs.append(cleaned_corpus)\n",
    "    # Adding company name into companyNames list\n",
    "    companyNames.append(files[i].split(\".\")[0])\n",
    "    \n",
    "    # Code to write the cleaned corpus into a text file.\n",
    "    filename = files[i].split(\".\")[0] + \".txt\"\n",
    "    with open(filename, \"w\", encoding='utf-8') as outfile:\n",
    "        outfile.write(final_text)"
   ]
  },
  {
   "cell_type": "code",
   "execution_count": 48,
   "metadata": {},
   "outputs": [],
   "source": [
    "# Importing TfidfVectorizer, KMeans \n",
    "from sklearn.feature_extraction.text import TfidfVectorizer\n",
    "from sklearn.cluster import KMeans"
   ]
  },
  {
   "cell_type": "code",
   "execution_count": 49,
   "metadata": {},
   "outputs": [],
   "source": [
    "# Creating Vectorizer and sparse_matrix\n",
    "vectorizer = TfidfVectorizer()\n",
    "sparse_matrix = vectorizer.fit_transform(docs)"
   ]
  },
  {
   "cell_type": "code",
   "execution_count": 50,
   "metadata": {},
   "outputs": [],
   "source": [
    "# Fitting the docs using KMeans clustering algorithm with 4 clusters\n",
    "km = KMeans(n_clusters=4, random_state=999)\n",
    "# Computes k-means clustering\n",
    "km.fit(sparse_matrix) \n",
    "cluster_membership = km.predict(sparse_matrix) # Predicts closest cluster\n",
    "company_distance_to_center = km.transform(sparse_matrix) # Cluster distance"
   ]
  },
  {
   "cell_type": "code",
   "execution_count": 51,
   "metadata": {},
   "outputs": [
    {
     "data": {
      "text/plain": [
       "array([1, 1, 3, 1, 1, 2, 2, 1, 1, 0, 2, 0, 1])"
      ]
     },
     "execution_count": 51,
     "metadata": {},
     "output_type": "execute_result"
    }
   ],
   "source": [
    "#Assignment of companies to clusters\n",
    "cluster_membership "
   ]
  },
  {
   "cell_type": "code",
   "execution_count": 52,
   "metadata": {},
   "outputs": [
    {
     "data": {
      "text/plain": [
       "array([[7.34799394e-01, 4.55464893e-01, 7.65058636e-01, 9.33044921e-01],\n",
       "       [6.87174831e-01, 3.71982032e-01, 8.18415431e-01, 9.50890132e-01],\n",
       "       [9.03760537e-01, 9.02188171e-01, 9.78827799e-01, 3.79906559e-08],\n",
       "       [8.63024289e-01, 5.06858025e-01, 9.39908320e-01, 1.07709648e+00],\n",
       "       [8.96951777e-01, 6.70278678e-01, 1.01434187e+00, 1.12209243e+00],\n",
       "       [1.03948291e+00, 9.64069176e-01, 5.60672051e-01, 1.13652101e+00],\n",
       "       [8.82627177e-01, 8.33132101e-01, 3.90200486e-01, 1.06068658e+00],\n",
       "       [5.88490643e-01, 3.63077485e-01, 8.40662307e-01, 9.49996959e-01],\n",
       "       [9.55612859e-01, 5.52793045e-01, 9.61063946e-01, 1.06921832e+00],\n",
       "       [3.84331131e-01, 7.84799045e-01, 9.70900624e-01, 1.08501158e+00],\n",
       "       [8.87093805e-01, 8.17110047e-01, 3.28024332e-01, 1.01576823e+00],\n",
       "       [3.84331131e-01, 6.84455368e-01, 8.56909391e-01, 8.67027632e-01],\n",
       "       [9.03170683e-01, 6.21222101e-01, 1.04108370e+00, 1.15464674e+00]])"
      ]
     },
     "execution_count": 52,
     "metadata": {},
     "output_type": "execute_result"
    }
   ],
   "source": [
    "company_distance_to_center"
   ]
  },
  {
   "cell_type": "code",
   "execution_count": 53,
   "metadata": {},
   "outputs": [
    {
     "name": "stdout",
     "output_type": "stream",
     "text": [
      "Company_Name   Cluster# \n",
      "Apple           1\n",
      "Google          1\n",
      "HTC             3\n",
      "Huawei          1\n",
      "InterDigital    1\n",
      "Kodak           2\n",
      "LG              2\n",
      "Nokia           1\n",
      "Oracle          1\n",
      "Pantech         0\n",
      "Samsung         2\n",
      "Sony Ericsson   0\n",
      "ZTE             1\n"
     ]
    }
   ],
   "source": [
    "# Displaying company name and which cluster it belongs to\n",
    "clusters = zip(cluster_membership, companyNames)\n",
    "print(\"{0:<15s}{1:<9s}\".format(\"Company_Name\",\"Cluster#\"))\n",
    "for cluster_number, companyname in clusters:\n",
    "    print(\"{0:<15s}{1:2d}\".format(companyname,cluster_number))"
   ]
  },
  {
   "cell_type": "code",
   "execution_count": 55,
   "metadata": {},
   "outputs": [
    {
     "data": {
      "text/html": [
       "<div>\n",
       "<style scoped>\n",
       "    .dataframe tbody tr th:only-of-type {\n",
       "        vertical-align: middle;\n",
       "    }\n",
       "\n",
       "    .dataframe tbody tr th {\n",
       "        vertical-align: top;\n",
       "    }\n",
       "\n",
       "    .dataframe thead th {\n",
       "        text-align: right;\n",
       "    }\n",
       "</style>\n",
       "<table border=\"1\" class=\"dataframe\">\n",
       "  <thead>\n",
       "    <tr style=\"text-align: right;\">\n",
       "      <th></th>\n",
       "      <th>Company</th>\n",
       "      <th>Cluster#</th>\n",
       "      <th>Centroid_Dist0</th>\n",
       "      <th>Centroid_Dist1</th>\n",
       "      <th>Centroid_Dist2</th>\n",
       "      <th>Centroid_Dist3</th>\n",
       "    </tr>\n",
       "  </thead>\n",
       "  <tbody>\n",
       "    <tr>\n",
       "      <th>0</th>\n",
       "      <td>Apple</td>\n",
       "      <td>1</td>\n",
       "      <td>0.734799</td>\n",
       "      <td>0.455465</td>\n",
       "      <td>0.765059</td>\n",
       "      <td>9.330449e-01</td>\n",
       "    </tr>\n",
       "    <tr>\n",
       "      <th>1</th>\n",
       "      <td>Google</td>\n",
       "      <td>1</td>\n",
       "      <td>0.687175</td>\n",
       "      <td>0.371982</td>\n",
       "      <td>0.818415</td>\n",
       "      <td>9.508901e-01</td>\n",
       "    </tr>\n",
       "    <tr>\n",
       "      <th>2</th>\n",
       "      <td>HTC</td>\n",
       "      <td>3</td>\n",
       "      <td>0.903761</td>\n",
       "      <td>0.902188</td>\n",
       "      <td>0.978828</td>\n",
       "      <td>3.799066e-08</td>\n",
       "    </tr>\n",
       "    <tr>\n",
       "      <th>3</th>\n",
       "      <td>Huawei</td>\n",
       "      <td>1</td>\n",
       "      <td>0.863024</td>\n",
       "      <td>0.506858</td>\n",
       "      <td>0.939908</td>\n",
       "      <td>1.077096e+00</td>\n",
       "    </tr>\n",
       "    <tr>\n",
       "      <th>4</th>\n",
       "      <td>InterDigital</td>\n",
       "      <td>1</td>\n",
       "      <td>0.896952</td>\n",
       "      <td>0.670279</td>\n",
       "      <td>1.014342</td>\n",
       "      <td>1.122092e+00</td>\n",
       "    </tr>\n",
       "    <tr>\n",
       "      <th>5</th>\n",
       "      <td>Kodak</td>\n",
       "      <td>2</td>\n",
       "      <td>1.039483</td>\n",
       "      <td>0.964069</td>\n",
       "      <td>0.560672</td>\n",
       "      <td>1.136521e+00</td>\n",
       "    </tr>\n",
       "    <tr>\n",
       "      <th>6</th>\n",
       "      <td>LG</td>\n",
       "      <td>2</td>\n",
       "      <td>0.882627</td>\n",
       "      <td>0.833132</td>\n",
       "      <td>0.390200</td>\n",
       "      <td>1.060687e+00</td>\n",
       "    </tr>\n",
       "    <tr>\n",
       "      <th>7</th>\n",
       "      <td>Nokia</td>\n",
       "      <td>1</td>\n",
       "      <td>0.588491</td>\n",
       "      <td>0.363077</td>\n",
       "      <td>0.840662</td>\n",
       "      <td>9.499970e-01</td>\n",
       "    </tr>\n",
       "    <tr>\n",
       "      <th>8</th>\n",
       "      <td>Oracle</td>\n",
       "      <td>1</td>\n",
       "      <td>0.955613</td>\n",
       "      <td>0.552793</td>\n",
       "      <td>0.961064</td>\n",
       "      <td>1.069218e+00</td>\n",
       "    </tr>\n",
       "    <tr>\n",
       "      <th>9</th>\n",
       "      <td>Pantech</td>\n",
       "      <td>0</td>\n",
       "      <td>0.384331</td>\n",
       "      <td>0.784799</td>\n",
       "      <td>0.970901</td>\n",
       "      <td>1.085012e+00</td>\n",
       "    </tr>\n",
       "    <tr>\n",
       "      <th>10</th>\n",
       "      <td>Samsung</td>\n",
       "      <td>2</td>\n",
       "      <td>0.887094</td>\n",
       "      <td>0.817110</td>\n",
       "      <td>0.328024</td>\n",
       "      <td>1.015768e+00</td>\n",
       "    </tr>\n",
       "    <tr>\n",
       "      <th>11</th>\n",
       "      <td>Sony Ericsson</td>\n",
       "      <td>0</td>\n",
       "      <td>0.384331</td>\n",
       "      <td>0.684455</td>\n",
       "      <td>0.856909</td>\n",
       "      <td>8.670276e-01</td>\n",
       "    </tr>\n",
       "    <tr>\n",
       "      <th>12</th>\n",
       "      <td>ZTE</td>\n",
       "      <td>1</td>\n",
       "      <td>0.903171</td>\n",
       "      <td>0.621222</td>\n",
       "      <td>1.041084</td>\n",
       "      <td>1.154647e+00</td>\n",
       "    </tr>\n",
       "  </tbody>\n",
       "</table>\n",
       "</div>"
      ],
      "text/plain": [
       "          Company  Cluster#  Centroid_Dist0  Centroid_Dist1  Centroid_Dist2  \\\n",
       "0           Apple         1        0.734799        0.455465        0.765059   \n",
       "1          Google         1        0.687175        0.371982        0.818415   \n",
       "2             HTC         3        0.903761        0.902188        0.978828   \n",
       "3          Huawei         1        0.863024        0.506858        0.939908   \n",
       "4    InterDigital         1        0.896952        0.670279        1.014342   \n",
       "5           Kodak         2        1.039483        0.964069        0.560672   \n",
       "6              LG         2        0.882627        0.833132        0.390200   \n",
       "7           Nokia         1        0.588491        0.363077        0.840662   \n",
       "8          Oracle         1        0.955613        0.552793        0.961064   \n",
       "9         Pantech         0        0.384331        0.784799        0.970901   \n",
       "10        Samsung         2        0.887094        0.817110        0.328024   \n",
       "11  Sony Ericsson         0        0.384331        0.684455        0.856909   \n",
       "12            ZTE         1        0.903171        0.621222        1.041084   \n",
       "\n",
       "    Centroid_Dist3  \n",
       "0     9.330449e-01  \n",
       "1     9.508901e-01  \n",
       "2     3.799066e-08  \n",
       "3     1.077096e+00  \n",
       "4     1.122092e+00  \n",
       "5     1.136521e+00  \n",
       "6     1.060687e+00  \n",
       "7     9.499970e-01  \n",
       "8     1.069218e+00  \n",
       "9     1.085012e+00  \n",
       "10    1.015768e+00  \n",
       "11    8.670276e-01  \n",
       "12    1.154647e+00  "
      ]
     },
     "execution_count": 55,
     "metadata": {},
     "output_type": "execute_result"
    }
   ],
   "source": [
    "# Displaying company name and which cluster it belongs to\n",
    "companies = {'Company': companyNames, 'Cluster#': cluster_membership,\\\n",
    "            'Centroid_Dist0':company_distance_to_center[0:,0],\\\n",
    "            'Centroid_Dist1':company_distance_to_center[0:,1],\\\n",
    "            'Centroid_Dist2':company_distance_to_center[0:,2],\\\n",
    "            'Centroid_Dist3':company_distance_to_center[0:,3]\n",
    "            }\n",
    "df1 = pd.DataFrame(companies)\n",
    "df1"
   ]
  },
  {
   "cell_type": "code",
   "execution_count": 56,
   "metadata": {},
   "outputs": [
    {
     "data": {
      "text/plain": [
       "array([[-2.22044605e-16,  1.10288499e-01,  4.35286412e-01,\n",
       "         3.28660009e-01,  4.17410496e-01,  4.30991076e-01,\n",
       "         3.83041515e-01,  1.79145559e-01,  2.14015802e-01,\n",
       "         4.53871789e-01,  3.51044250e-01,  2.33768779e-01,\n",
       "         4.14208465e-01],\n",
       "       [ 1.10288499e-01, -6.66133815e-16,  4.52096021e-01,\n",
       "         2.63620564e-01,  3.67384420e-01,  4.81961051e-01,\n",
       "         4.15557875e-01,  1.22583903e-01,  1.90512166e-01,\n",
       "         3.81981256e-01,  3.94291565e-01,  2.37938410e-01,\n",
       "         3.67567549e-01],\n",
       "       [ 4.35286412e-01,  4.52096021e-01,  0.00000000e+00,\n",
       "         5.80068416e-01,  6.29545706e-01,  6.45839999e-01,\n",
       "         5.62528007e-01,  4.51247111e-01,  5.71613913e-01,\n",
       "         5.88625069e-01,  5.15892550e-01,  3.75868457e-01,\n",
       "         6.66604544e-01],\n",
       "       [ 3.28660009e-01,  2.63620564e-01,  5.80068416e-01,\n",
       "         0.00000000e+00,  4.54654685e-01,  6.48886207e-01,\n",
       "         4.75923738e-01,  1.74077458e-01,  3.40142458e-01,\n",
       "         4.52097215e-01,  4.87436296e-01,  4.40424126e-01,\n",
       "         2.75672418e-01],\n",
       "       [ 4.17410496e-01,  3.67384420e-01,  6.29545706e-01,\n",
       "         4.54654685e-01, -2.22044605e-16,  7.30254755e-01,\n",
       "         5.65355025e-01,  3.30297745e-01,  4.89509185e-01,\n",
       "         4.61022114e-01,  5.34829126e-01,  4.91210795e-01,\n",
       "         4.50860631e-01],\n",
       "       [ 4.30991076e-01,  4.81961051e-01,  6.45839999e-01,\n",
       "         6.48886207e-01,  7.30254755e-01, -2.22044605e-16,\n",
       "         4.12809587e-01,  5.47353502e-01,  6.30192729e-01,\n",
       "         6.85714606e-01,  3.45824902e-01,  5.42520524e-01,\n",
       "         7.21023385e-01],\n",
       "       [ 3.83041515e-01,  4.15557875e-01,  5.62528007e-01,\n",
       "         4.75923738e-01,  5.65355025e-01,  4.12809587e-01,\n",
       "         0.00000000e+00,  4.04133632e-01,  5.27071030e-01,\n",
       "         4.91132929e-01,  1.02679807e-01,  4.35608223e-01,\n",
       "         5.95958912e-01],\n",
       "       [ 1.79145559e-01,  1.22583903e-01,  4.51247111e-01,\n",
       "         1.74077458e-01,  3.30297745e-01,  5.47353502e-01,\n",
       "         4.04133632e-01,  1.11022302e-16,  2.92947234e-01,\n",
       "         3.01058423e-01,  3.95687302e-01,  1.92973232e-01,\n",
       "         2.99996400e-01],\n",
       "       [ 2.14015802e-01,  1.90512166e-01,  5.71613913e-01,\n",
       "         3.40142458e-01,  4.89509185e-01,  6.30192729e-01,\n",
       "         5.27071030e-01,  2.92947234e-01,  0.00000000e+00,\n",
       "         5.73868967e-01,  5.15306868e-01,  4.87037388e-01,\n",
       "         4.80063572e-01],\n",
       "       [ 4.53871789e-01,  3.81981256e-01,  5.88625069e-01,\n",
       "         4.52097215e-01,  4.61022114e-01,  6.85714606e-01,\n",
       "         4.91132929e-01,  3.01058423e-01,  5.73868967e-01,\n",
       "         6.66133815e-16,  5.24229262e-01,  2.95420837e-01,\n",
       "         4.69443516e-01],\n",
       "       [ 3.51044250e-01,  3.94291565e-01,  5.15892550e-01,\n",
       "         4.87436296e-01,  5.34829126e-01,  3.45824902e-01,\n",
       "         1.02679807e-01,  3.95687302e-01,  5.15306868e-01,\n",
       "         5.24229262e-01,  1.11022302e-16,  4.10416575e-01,\n",
       "         5.95905383e-01],\n",
       "       [ 2.33768779e-01,  2.37938410e-01,  3.75868457e-01,\n",
       "         4.40424126e-01,  4.91210795e-01,  5.42520524e-01,\n",
       "         4.35608223e-01,  1.92973232e-01,  4.87037388e-01,\n",
       "         2.95420837e-01,  4.10416575e-01, -4.44089210e-16,\n",
       "         4.93984185e-01],\n",
       "       [ 4.14208465e-01,  3.67567549e-01,  6.66604544e-01,\n",
       "         2.75672418e-01,  4.50860631e-01,  7.21023385e-01,\n",
       "         5.95958912e-01,  2.99996400e-01,  4.80063572e-01,\n",
       "         4.69443516e-01,  5.95905383e-01,  4.93984185e-01,\n",
       "        -2.22044605e-16]])"
      ]
     },
     "execution_count": 56,
     "metadata": {},
     "output_type": "execute_result"
    }
   ],
   "source": [
    "# Importing MDS, cosine_similarity and calculate cosine distance\n",
    "from sklearn.manifold import MDS\n",
    "import matplotlib.pyplot as plt\n",
    "from sklearn.metrics.pairwise import cosine_similarity\n",
    "\n",
    "sim = cosine_similarity(sparse_matrix)\n",
    "cos_dist = 1 - sim\n",
    "cos_dist"
   ]
  },
  {
   "cell_type": "code",
   "execution_count": 57,
   "metadata": {},
   "outputs": [],
   "source": [
    "# Fit MDS model\n",
    "mds = MDS(n_components = 2, dissimilarity='precomputed', random_state=1)\n",
    "pos = mds.fit_transform(cos_dist)\n"
   ]
  },
  {
   "cell_type": "markdown",
   "metadata": {},
   "source": [
    "xs, ys = pos[:,0], pos[:,1]\n",
    "for x, y, name in zip(xs, ys, companyNames):\n",
    "    plt.scatter(x, y)\n",
    "    plt.text(x, y, name)\n",
    "\n",
    "plt.show()\n"
   ]
  },
  {
   "cell_type": "code",
   "execution_count": 58,
   "metadata": {},
   "outputs": [
    {
     "data": {
